Train rid's:
3,    4,    6,    7,   10,   22,   29,   30,   33,   38,   42,
44,   50,   51,   53,   55,   57,   60,   61,   69,   77,   78,
80,   88,   91,   93,   98,  103,  106,  107,  108,  109,  110,
111,  112,  116,  123,  128,  138,  139,  141,  147,  149,  150,
155,  156,  158,  160,  162,  166,  167,  168,  169,  173,  176,
178,  182,  183,  188,  190,  194,  195,  200,  204,  205,  210,
213,  217,  219,  221,  222,  225,  227,  228,  230,  231,  240,
241,  249,  258,  259,  266,  269,  273,  286,  290,  294,  296,
307,  314,  321,  324,  325,  326,  328,  331,  332,  339,  341,
343,  344,  354,  361,  362,  370,  372,  374,  378,  384,  388,
389,  390,  394,  406,  407,  408,  414,  420,  422,  423,  424,
431,  434,  442,  445,  446,  448,  449,  454,  457,  458,  461,
467,  470,  476,  485,  492,  497,  514,  517,  518,  522,  528,
531,  535,  539,  543,  544,  545,  551,  552,  554,  555,  557,
565,  568,  577,  579,  588,  590,  592,  598,  602,  604,  605,
608,  611,  613,  619,  621,  625,  626,  627,  633,  634,  638,
642,  644,  653,  656,  658,  667,  668,  669,  673,  679,  680,
682,  689,  698,  702,  709,  712,  717,  723,  724,  729,  730,
733,  739,  740,  743,  746,  748,  750,  753,  754,  759,  760,
777,  782,  783,  784,  786,  792,  793,  802,  803,  814,  821,
825,  828,  830,  832,  834,  835,  836,  841,  844,  850,  851,
852,  865,  867,  869,  872,  890,  891,  892,  896,  898,  899,
904,  909,  912,  914,  916,  917,  919,  920,  924,  928,  929,
930,  938,  941,  947,  950,  952,  954,  955,  958,  961,  972,
973,  976,  984,  985,  989,  991,  994,  995,  996,  997,  999,
1004, 1009, 1015, 1024, 1027, 1028, 1030, 1031, 1032, 1033, 1034,
1037, 1041, 1044, 1045, 1046, 1052, 1054, 1057, 1059, 1063, 1072,
1073, 1077, 1078, 1079, 1080, 1081, 1082, 1097, 1106, 1109, 1114,
1116, 1119, 1121, 1126, 1130, 1137, 1148, 1149, 1152, 1154, 1155,
1157, 1161, 1164, 1165, 1169, 1170, 1171, 1175, 1182, 1183, 1184,
1186, 1187, 1188, 1190, 1192, 1194, 1201, 1203, 1204, 1205, 1209,
1210, 1211, 1213, 1215, 1217, 1218, 1221, 1224, 1225, 1227, 1240,
1243, 1245, 1247, 1248, 1253, 1255, 1257, 1260, 1262, 1263, 1269,
1271, 1275, 1277, 1282, 1284, 1285, 1289, 1293, 1294, 1295, 1296,
1299, 1300, 1304, 1307, 1308, 1309, 1311, 1314, 1315, 1318, 1321,
1326, 1331, 1334, 1339, 1340, 1341, 1343, 1350, 1351, 1352, 1354,
1363, 1366, 1368, 1371, 1373, 1380, 1384, 1389, 1393, 1402, 1406,
1407, 1409, 1417, 1418, 1419, 1420, 1423, 1425, 1426, 1427, 1435,
2002, 2007, 2011, 2018, 2022, 2026, 2027, 2031, 2037, 2042, 2045,
2047, 2057, 2068, 2070, 2072, 2074, 2077, 2083, 2093, 2100, 2106,
2116, 2119, 2124, 2125, 2133, 2138, 2146, 2148, 2150, 2153, 2167,
2168, 2171, 2180, 2182, 2185, 2191, 2193, 2194, 2196, 2200, 2205,
2210, 2213, 2219, 2220, 2234, 2239, 2245, 2247, 2248, 2264, 2274,
2284, 2304, 2307, 2315, 2324, 2332, 2333, 2336, 2347, 2357, 2363,
2367, 2374, 2376, 2378, 2380, 2389, 2390, 2391, 2392, 2394, 2395,
4004, 4005, 4009, 4012, 4015, 4030, 4035, 4036, 4039, 4053, 4054,
4059, 4061, 4067, 4071, 4073, 4077, 4079, 4089, 4094, 4100, 4102,
4114, 4121, 4122, 4127, 4131, 4133, 4134, 4136, 4138, 4143, 4153,
4159, 4169, 4170, 4175, 4187, 4189, 4192, 4194, 4195, 4199, 4201,
4203, 4205, 4206, 4209, 4210, 4211, 4212, 4214, 4215, 4216, 4217,
4218, 4219, 4232, 4235, 4237, 4241, 4244, 4245, 4250, 4251, 4252,
4258, 4260, 4262, 4263, 4271, 4272, 4275, 4277, 4280, 4281, 4282,
4285, 4288, 4293, 4294, 4299, 4301, 4303, 4309, 4310, 4324, 4328,
4337, 4338, 4346, 4354, 4360, 4373, 4377, 4379, 4383, 4388, 4392,
4394, 4395, 4403, 4404, 4405, 4406, 4408, 4414, 4417, 4419, 4426,
4430, 4431, 4434, 4438, 4443, 4444, 4445, 4447, 4458, 4462, 4465,
4467, 4468, 4473, 4477, 4480, 4489, 4498, 4500, 4501, 4502, 4506,
4510, 4512, 4517, 4521, 4530, 4536, 4539, 4540, 4542, 4543, 4546,
4547, 4548, 4553, 4562, 4564, 4566, 4568, 4571, 4577, 4582, 4583,
4584, 4594, 4595, 4596, 4597, 4603, 4607, 4611, 4613, 4621, 4623,
4624, 4626, 4629, 4630, 4635, 4636, 4641, 4646, 4654, 4659, 4660,
4668, 4671, 4672, 4674, 4675, 4676, 4678, 4679, 4680, 4689, 4692,
4694, 4706, 4708, 4711, 4714, 4715, 4718, 4720, 4721, 4722, 4723,
4729, 4732, 4733, 4737, 4742, 4745, 4746, 4750, 4755, 4756, 4757,
4764, 4770, 4772, 4774, 4777, 4780, 4783, 4784, 4791, 4792, 4796,
4798, 4799, 4801, 4802, 4803, 4804, 4805, 4806, 4809, 4813, 4820,
4825, 4838, 4855, 4859, 4862, 4863, 4871, 4873, 4874, 4876, 4877,
4879, 4883, 4887, 4888, 4889, 4891, 4892, 4894, 4896, 4897, 4898,
4899, 4902, 4905, 4907, 4911, 4917, 4918, 4919, 4920, 4922, 4924,
4925, 4926, 4928, 4929, 4936, 4938, 4940, 4943, 4944, 4945, 4949,
4958, 4960, 4962, 4964, 4966, 4971, 4982, 4985, 4986, 4989, 4990,
4992, 5004, 5005, 5007, 5012, 5014, 5017, 5026, 5027, 5029, 5031,
5032, 5054, 5056, 5057, 5063, 5066, 5067, 5070, 5087, 5090, 5097,
5099, 5106, 5121, 5146, 5160, 5162, 5165, 5166, 5187, 5196, 5205,
5207, 5208, 5214, 5224, 5227, 5234, 5240, 5241, 5251, 5273, 5285

Test rid's:
45,   54,   83,   84,   94,  101,  102,  126,  129,  135,  232,
256,  276,  284,  291,  292,  299,  310,  336,  351,  356,  366,
377,  392,  393,  397,  400,  401,  404,  409,  417,  426,  429,
464,  478,  481,  511,  513,  549,  558,  563,  566,  567,  572,
606,  622,  631,  641,  649,  671,  696,  699,  715,  720,  721,
722,  727,  747,  769,  770,  778,  779,  790,  800,  812,  816,
829,  843,  855,  860,  861,  884,  887,  906,  913,  921,  922,
932,  945,  979,  982,  987, 1001, 1010, 1018, 1043, 1056, 1062,
1066, 1070, 1074, 1083, 1088, 1095, 1098, 1101, 1103, 1104, 1113,
1118, 1120, 1122, 1123, 1131, 1138, 1140, 1144, 1168, 1199, 1202,
1226, 1231, 1244, 1249, 1265, 1268, 1279, 1283, 1290, 1292, 1322,
1330, 1337, 1346, 1377, 1378, 1379, 1382, 1385, 1387, 1391, 1394,
1397, 1398, 1400, 1411, 1412, 1414, 2003, 2036, 2043, 2055, 2058,
2073, 2079, 2123, 2142, 2183, 2201, 2208, 2216, 2225, 2233, 2249,
2263, 2278, 2308, 2360, 2373, 2379, 2381, 2403, 4001, 4022, 4034,
4041, 4042, 4057, 4063, 4072, 4092, 4128, 4167, 4171, 4172, 4184,
4186, 4188, 4202, 4220, 4223, 4229, 4240, 4256, 4268, 4274, 4287,
4302, 4307, 4311, 4327, 4331, 4332, 4353, 4359, 4381, 4402, 4420,
4456, 4463, 4494, 4507, 4513, 4514, 4522, 4531, 4538, 4549, 4557,
4589, 4590, 4591, 4605, 4653, 4657, 4686, 4696, 4712, 4736, 4744,
4767, 4782, 4815, 4823, 4827, 4844, 4849, 4852, 4853, 4858, 4867,
4868, 4885, 4893, 4903, 4904, 4906, 4909, 4910, 4912, 4914, 4954,
4959, 4974, 4976, 4980, 4987, 5000, 5006, 5013, 5016, 5028, 5047,
5058, 5059, 5095, 5096, 5184, 5252

Val rid's:
41,   76,   87,  127,  142,  161,  179,  187,  214,  216,  223,
229,  243,  282,  285,  288,  289,  293,  300,  316,  335,  376,
410,  438,  443,  450,  474,  487,  501,  505,  507,  546,  547,
548,  607,  629,  675,  690,  691,  695,  697,  708,  718,  725,
741,  752,  771,  796,  839,  842,  853,  856,  871,  873,  874,
878,  880,  883,  889,  908,  915,  925,  956,  957,  978, 1007,
1038, 1040, 1051, 1055, 1075, 1090, 1092, 1102, 1117, 1135, 1185,
1200, 1246, 1254, 1281, 1338, 1357, 1408, 1421, 1430, 2052, 2060,
2061, 2063, 2087, 2099, 2109, 2121, 2130, 2151, 2155, 2164, 2184,
2187, 2190, 2195, 2199, 2237, 2238, 2240, 2301, 2316, 2351, 2396,
2398, 2405, 2407, 4007, 4024, 4029, 4051, 4058, 4096, 4115, 4146,
4149, 4152, 4157, 4160, 4162, 4168, 4185, 4197, 4226, 4243, 4259,
4270, 4297, 4300, 4312, 4351, 4356, 4363, 4366, 4380, 4385, 4390,
4415, 4423, 4432, 4446, 4455, 4474, 4475, 4476, 4515, 4524, 4526,
4556, 4565, 4579, 4601, 4610, 4614, 4615, 4625, 4631, 4633, 4652,
4661, 4707, 4713, 4719, 4728, 4730, 4741, 4743, 4765, 4769, 4793,
4807, 4814, 4816, 4817, 4842, 4845, 4857, 4869, 4941, 4947, 4955,
4984, 4994, 4997, 5015, 5018, 5019, 5037, 5038, 5062, 5071, 5112,
5119, 5120, 5123, 5135, 5138, 5206, 5210, 5231, 5275
